1000
38 13 28
9 67 78
89 84 47
99 62 71
25 76 48
57 14 13
23 21 97
21 61 42
32 68 96
65 81 74
37 24 17
45 83 96
73 67 79
28 12 87
13 45 52
7 56 41
67 73 45
88 76 98
10 38 38
72 73 82
30 5 55
34 10 100
12 33 57
84 58 8
59 78 24
92 55 47
81 58 33
57 59 38
57 58 89
24 64 84
89 41 20
16 20 69
10 72 100
6 26 84
28 96 15
32 60 75
16 46 80
85 84 21
92 10 71
37 65 24
71 76 48
55 32 37
58 18 38
54 28 35
83 77 15
56 61 7
67 95 83
91 74 34
62 87 92
44 71 96
29 2 60
39 62 100
98 6 75
78 13 34
60 100 78
7 29 86
57 92 78
90 77 46
19 90 69
48 86 21
38 96 19
13 68 39
62 90 75
92 7 98
47 2 34
67 60 11
37 13 100
42 12 84
67 14 93
49 78 52
96 55 72
74 73 98
14 89 2
37 33 85
71 87 7
84 48 1
37 3 58
47 8 15
51 34 61
34 92 69
14 46 40
100 91 95
56 65 95
28 100 1
6 56 93
81 53 85
75 23 60
53 90 67
14 98 61
90 58 66
93 28 75
19 8 1
60 68 69
13 99 9
33 70 76
100 66 7
50 45 96
55 80 45
23 70 19
32 96 39
96 80 66
95 24 55
91 2 11
12 9 17
18 75 8
63 75 34
59 89 41
38 42 11
0 71 40
34 67 6
55 71 46
30 86 56
72 83 63
39 81 80
98 85 38
22 42 25
8 67 44
17 75 28
23 60 91
16 97 9
16 39 79
98 42 24
17 42 4
100 6 94
99 58 92
84 98 25
54 84 33
97 96 54
22 2 57
76 84 67
0 27 62
57 27 68
8 44 91
56 22 38
52 79 8
8 78 93
25 74 22
75 93 5
31 3 8
32 94 82
52 58 41
90 72 20
91 86 25
19 87 86
29 16 45
27 81 7
85 12 5
38 2 57
61 38 36
1 87 21
41 35 64
99 95 91
91 47 20
25 93 2
16 79 40
21 66 14
53 3 4
55 98 32
5 19 45
32 43 54
52 37 89
33 60 68
76 45 72
6 90 7
79 12 10
75 46 17
77 23 24
92 80 87
12 100 82
31 8 81
95 22 15
46 74 16
45 39 23
22 4 96
0 55 55
41 85 37
87 37 94
67 43 16
20 94 40
54 69 77
37 77 96
88 98 54
57 53 73
80 25 64
44 4 23
50 65 61
30 41 28
30 74 67
82 2 69
4 57 29
19 61 77
84 69 3
66 92 12
61 71 58
51 72 5
63 4 15
31 9 97
87 63 13
81 30 41
37 2 41
55 93 15
29 21 89
77 83 32
16 5 23
37 87 64
85 13 84
55 82 21
6 97 77
94 30 1
83 77 98
93 21 57
66 96 69
44 5 97
88 17 98
68 6 13
51 61 95
83 45 78
47 52 75
20 11 46
55 55 17
52 71 98
32 14 83
43 24 79
80 74 70
45 19 56
34 78 21
61 12 61
41 85 26
23 8 13
4 78 15
23 34 79
91 48 60
18 89 10
50 22 62
4 45 66
88 40 84
18 28 91
68 55 29
77 76 20
80 2 41
30 17 52
53 52 65
76 87 22
64 81 11
97 16 13
67 60 99
63 97 5
57 66 7
62 24 38
93 94 28
83 88 33
27 97 67
10 22 55
38 86 11
60 83 20
15 14 85
75 63 74
61 63 52
76 85 40
43 89 76
79 46 84
5 20 37
53 92 12
57 10 21
71 75 25
69 3 81
51 82 15
19 15 33
99 91 5
48 64 69
6 23 99
95 11 94
2 67 55
65 69 32
54 47 14
73 81 87
20 60 75
75 37 68
88 45 37
8 100 13
49 47 74
38 36 53
56 43 8
70 16 5
100 89 96
70 35 42
48 55 54
60 34 72
37 62 67
5 92 68
84 93 54
28 43 83
97 18 34
16 53 10
54 70 59
4 99 34
62 59 95
14 72 37
3 8 88
9 77 77
90 98 72
73 41 26
56 80 4
48 62 3
100 98 41
100 61 33
0 99 43
46 13 17
74 3 72
93 92 92
78 71 68
94 11 37
36 17 39
37 43 86
83 98 82
87 78 17
23 1 19
3 22 39
56 35 42
79 40 83
82 20 52
91 41 56
46 83 61
91 86 32
68 94 26
98 57 37
73 100 14
18 66 28
98 13 29
28 14 70
10 87 38
59 60 85
86 98 75
97 87 65
70 87 37
39 5 87
77 46 25
52 36 12
19 13 36
70 72 24
54 73 68
57 61 15
74 35 78
2 94 46
47 39 84
53 77 48
2 76 15
42 62 90
35 43 32
67 10 77
4 64 60
22 84 76
37 73 10
1 52 5
90 22 23
35 8 16
63 74 95
78 3 72
54 8 62
74 77 38
41 48 10
76 78 55
76 23 47
6 10 20
96 95 29
20 62 88
12 72 83
79 67 41
26 26 94
3 75 98
59 46 2
84 24 17
55 77 36
43 72 63
43 81 99
75 30 25
11 5 82
58 16 65
82 65 54
72 45 65
13 63 44
75 79 54
1 55 20
97 58 73
51 32 31
52 91 16
0 54 4
16 74 2
88 55 34
0 32 79
7 21 17
61 88 67
87 81 48
82 86 16
62 17 79
37 59 59
33 61 4
97 88 98
75 9 23
2 35 88
28 62 38
66 30 100
16 66 92
9 72 95
40 47 81
0 53 42
96 2 72
74 98 45
53 66 72
75 97 39
99 99 99
42 65 78
81 79 13
80 46 30
28 16 5
20 73 83
33 24 78
49 11 58
17 6 40
4 86 31
12 55 55
8 31 78
99 8 47
19 71 93
67 68 52
59 82 94
69 74 98
35 99 22
1 13 64
3 40 45
59 8 29
7 79 5
52 90 42
5 42 25
51 76 26
27 23 72
6 33 77
98 96 13
58 20 22
17 32 44
56 84 29
13 69 20
87 63 16
65 39 45
80 22 42
19 57 99
11 92 53
64 38 29
100 1 1
40 31 94
23 100 5
59 30 95
32 77 66
3 31 48
73 5 80
89 48 39
97 81 53
42 7 15
68 13 87
38 100 15
47 53 21
23 7 39
79 29 41
39 62 19
51 37 95
73 4 82
67 56 15
49 42 78
68 45 5
34 66 96
91 96 80
42 67 14
18 18 95
27 69 53
49 43 41
30 60 84
54 72 3
19 95 1
12 71 89
95 21 59
76 7 28
74 86 76
81 88 84
34 26 6
98 39 27
41 62 75
11 99 88
3 83 27
35 97 48
84 79 64
54 18 72
89 48 41
93 54 6
73 32 97
3 66 73
100 76 79
53 76 77
68 23 92
34 54 33
67 89 59
93 79 38
50 20 90
14 65 87
14 33 90
89 99 82
0 2 42
96 100 18
82 45 77
78 23 25
1 7 59
56 6 32
95 33 26
90 76 61
71 8 8
13 55 55
71 75 75
100 54 94
0 65 91
100 31 47
41 88 72
48 100 27
6 74 32
43 82 22
81 14 29
14 10 10
81 16 88
42 25 39
49 86 5
57 76 73
84 79 77
61 85 22
25 17 18
15 90 92
76 27 10
97 82 93
35 45 55
22 15 99
39 72 57
56 82 23
70 91 100
33 39 73
6 27 73
28 46 55
18 57 73
2 9 3
41 87 80
48 39 20
7 13 7
87 37 39
98 23 27
69 62 92
52 60 75
28 58 46
96 46 9
51 57 31
58 85 42
72 36 27
5 47 9
61 9 64
11 97 8
41 20 71
39 5 38
82 79 96
33 18 17
46 25 23
77 88 1
78 31 43
31 37 19
71 83 38
5 36 8
30 57 67
45 24 7
30 15 68
72 68 30
39 85 37
7 78 53
1 73 59
11 78 3
55 2 71
4 64 27
83 25 47
66 96 69
18 75 3
34 74 94
22 95 30
36 93 63
90 24 63
5 95 26
87 37 36
33 36 11
47 85 3
14 30 25
11 45 47
64 82 82
77 75 10
29 23 13
2 42 20
45 61 96
61 58 61
34 44 71
31 80 31
59 75 48
100 47 93
87 12 14
25 47 39
44 65 58
95 23 15
66 68 37
15 81 62
28 74 83
7 84 93
92 38 94
93 24 72
50 36 93
100 91 18
4 17 11
63 93 100
98 28 93
69 96 3
2 64 93
15 48 19
75 97 59
17 81 100
97 70 4
66 69 9
47 27 41
96 31 25
15 73 20
36 32 85
83 12 56
69 77 100
100 18 7
45 24 72
69 39 59
35 87 31
68 47 78
70 88 73
79 48 76
51 16 83
20 46 63
30 65 81
97 37 34
100 89 76
51 9 46
99 61 22
46 26 68
44 62 13
75 18 15
80 66 44
19 77 96
28 11 21
39 39 55
84 95 42
76 82 99
23 5 33
20 39 43
89 80 24
34 72 48
73 79 96
94 29 61
38 4 1
65 77 35
97 14 17
5 47 66
38 27 52
34 15 71
60 2 68
75 2 67
54 86 32
41 58 27
70 67 75
49 32 95
90 67 82
94 30 5
53 6 61
14 81 78
22 14 70
7 33 36
26 7 46
16 86 48
95 85 81
55 94 47
79 70 92
58 90 100
79 87 63
75 31 59
10 5 43
24 1 68
60 52 78
51 61 55
10 37 85
85 73 70
99 35 58
60 24 94
3 19 75
86 7 52
0 10 42
42 93 80
66 15 25
72 21 28
89 80 48
49 34 10
75 52 73
95 59 36
37 56 98
79 13 6
28 75 45
53 85 73
75 12 4
100 26 16
58 99 46
13 98 74
74 92 31
26 2 42
93 85 66
88 5 55
58 58 81
75 68 11
45 70 62
25 25 97
40 9 35
65 19 26
96 44 13
10 55 27
93 91 57
33 69 55
81 40 43
81 38 43
75 55 81
10 9 17
39 68 89
55 94 27
36 98 27
23 17 75
42 33 100
48 48 69
99 77 4
28 9 52
83 83 38
21 52 78
85 73 67
11 69 57
85 70 9
25 63 58
15 28 37
73 29 39
25 18 17
5 74 9
99 70 27
79 7 62
17 79 13
16 66 96
15 74 4
29 42 62
77 75 53
94 29 22
43 30 26
24 26 19
87 93 35
23 7 3
10 33 56
16 96 54
83 15 78
93 6 84
82 77 39
40 67 34
65 91 93
54 13 86
36 54 38
22 61 99
55 94 1
5 77 3
75 91 13
10 28 72
6 68 91
14 60 30
33 44 96
1 95 53
11 45 87
85 33 65
7 55 85
92 67 54
16 10 4
54 31 99
42 73 40
79 88 11
54 53 91
13 15 91
44 35 57
20 18 1
20 56 69
8 92 17
63 42 23
84 63 23
53 46 81
17 78 67
64 85 30
25 24 95
62 67 78
76 41 73
88 93 40
94 62 11
4 42 74
21 89 97
12 8 16
17 89 70
19 41 36
9 10 84
50 95 41
72 96 80
21 80 63
51 65 58
57 28 81
19 7 99
24 8 15
22 89 58
55 36 81
94 20 21
13 46 10
90 93 62
4 84 60
12 98 95
25 55 35
95 95 17
15 72 4
81 64 71
48 38 28
83 53 23
8 90 85
74 83 52
63 53 74
57 76 70
79 94 60
51 7 31
11 99 92
29 75 87
100 90 10
24 66 29
96 67 6
67 94 53
57 75 18
92 40 17
88 64 68
29 25 59
46 69 58
68 31 60
93 62 100
86 22 44
95 52 21
43 82 18
87 20 40
81 13 32
73 94 45
55 12 25
31 57 62
34 98 65
25 43 2
32 67 10
16 54 82
42 33 8
48 77 79
60 5 38
60 57 42
41 97 37
62 57 13
67 58 20
46 54 18
20 60 5
79 31 94
72 9 77
25 68 86
60 87 90
78 100 69
52 33 14
3 98 22
29 11 42
90 69 60
95 11 94
64 16 62
77 97 48
83 27 46
99 92 60
2 47 93
53 22 1
8 59 6
57 52 31
30 94 18
36 41 40
12 85 59
1 22 6
94 41 86
49 60 88
54 99 95
41 67 73
12 39 71
48 21 33
35 71 80
56 83 72
84 18 41
52 20 71
14 59 83
58 20 9
74 9 58
90 37 82
65 18 82
76 9 32
45 58 69
15 87 67
35 9 73
15 100 82
24 29 11
92 100 81
38 91 22
39 62 18
39 42 75
93 62 88
2 48 25
5 85 97
34 85 73
23 36 86
90 16 86
36 67 58
78 28 15
60 38 13
38 15 17
100 45 18
57 26 71
37 54 52
16 81 80
64 25 83
53 48 15
69 18 21
73 44 1
11 32 65
76 10 62
11 60 98
34 92 25
5 97 10
44 27 57
7 84 22
97 10 91
14 78 60
84 90 1
53 97 9
4 1 83
87 40 57
53 48 96
46 59 25
44 60 67
52 39 2
17 36 76
61 18 70
61 34 14
10 33 33
28 88 81
51 26 61
40 87 59
47 92 81
62 17 11
23 74 80
92 33 47
38 18 100
100 27 67
55 37 9
35 35 60
79 6 30
67 5 11
8 87 8
65 70 12
87 21 91
50 69 97
76 5 76
38 13 25
10 55 4
53 5 47
25 12 74
30 9 85
4 25 17
37 92 57
59 83 100
1 90 31
44 95 98
41 97 68
62 86 17
20 24 95
79 26 26
55 4 97
70 59 36
2 20 12
91 24 30
11 10 80
97 24 78
88 17 100
84 38 75
97 44 60
98 83 39
41 54 55
47 66 45
52 68 11
51 46 69
